0,511
0,510
112,3
112,2
112,1
112,0
0,509
0,0
114,3
114,2
114,1
114,0
0,292
0,288
0,284
0,283
0,281
0,315
0,279
0,274
0,309
113,3
113,2
0,307
113,1
113,0
0,5
0,304
0,302
0,298
0,297
0,296
0,295
0,294
0,293
0,291
0,290
0,289
0,287
0,286
0,272
111,3
111,2
0,285
111,1
111,0
0,276
0,275
0,12
0,271
0,469
0,10
0,8
0,9
108,3
0,4
108,2
108,1
108,0
0,7
14,3
13,3
81,3
102,2
102,0
0,468
0,268
0,466
0,267
0,464
0,266
0,462
0,265
0,264
0,263
0,262
0,261
0,260
0,259
0,258
0,257
0,455
0,256
0,454
0,255
0,453
0,254
0,451
0,253
0,450
0,252
0,452
0,251
0,250
0,448
0,249
0,447
0,248
0,449
0,247
0,445
0,246
0,443
0,245
0,441
0,244
0,439
0,242
0,437
0,241
0,435
0,240
0,239
0,238
0,237
0,236
0,235
0,234
0,233
0,232
0,428
0,231
0,427
0,230
0,426
0,229
0,228
0,424
0,227
0,226
0,225
0,224
0,223
